1|107860|7191
1|113224|444
1|102141|180
1|111585|288
1|105907|150
1|102559|7197
1|101524|891
1|111835|10080
1|107848|1734
2|113561|11192
2|105016|13990
2|110714|4995
2|107932|2373
2|103813|4000
2|101991|1998
3|112139|1197
3|114008|19998
3|106079|1824
3|108391|245
3|115124|2090
3|113069|596
3|110605|599
3|112297|1152
3|111456|1806
4|115605|40
4|106237|6993
4|113078|465
5|113031|1596
5|103024|60
5|112054|414
6|109088|23994
6|100739|269
6|111120|40
6|114550|4647
6|101626|7995
6|100495|432
6|115743|2300
6|107698|5190
6|102993|343
7|107333|1341
7|112586|796
7|106290|309
7|113671|790
8|106880|8910
8|101890|1068
8|114372|31194
8|108597|72
8|108607|387
9|108349|1024
9|101385|58491
522|102622|18891
522|113021|2397
522|103993|76
522|115261|2880
522|101658|536
522|106107|10
522|110224|147
522|109586|23
525|105149|28320
525|107061|384
525|107981|237
526|107970|623
526|102534|2396
526|108743|7192
526|111032|1899
526|108478|455
526|100120|40
526|111337|18
526|114800|609
527|104293|2045
527|109097|294
527|104577|279
527|107231|174
527|111471|27293
527|112206|1743
528|113473|1952
528|111301|2712
529|106611|3599
529|101634|2208
529|113893|19184
529|102761|2992
530|103248|5593
530|115253|2748
530|112603|478
531|106020|120
531|105595|88
531|112388|1701
531|112796|357
531|105007|1548
531|107528|1596
532|101497|387
532|103547|11
532|115358|45600
532|106649|16796
532|104031|7686
532|104091|15495
534|108266|35
534|101219|1253
537|113810|37495
537|111359|8997
537|106969|23200
537|106141|3152
537|102676|8888
541|114338|1104
541|102396|46
541|107445|1995
541|112594|3799
541|106575|900
541|115021|8000
541|101352|198
541|107755|384
546|112892|2148
546|107467|4796
546|106891|6352
546|102837|6000
546|109885|608
546|108773|1540
546|114770|414
546|105951|4664
546|109302|6180
552|107878|276
552|101975|4050
552|115338|232
552|104814|398
567|113603|152
567|113885|9990
568|112276|10
568|102103|5010
568|101734|1599
568|113477|196
568|110301|1688
568|105710|140
568|100579|4302
568|111797|5200
568|101727|17397
570|102645|108
570|107675|192
570|105194|2375
570|109920|1074
570|115448|40
570|113511|458
570|100855|1614
570|103255|1183
573|111969|594
573|100866|4784
573|106618|396
577|101712|65994
577|112830|2691
577|109255|2793
582|102102|11992
588|100373|12510
588|102077|270
588|114454|2601
595|102735|38560
595|104428|1390
595|111488|6140
595|113072|90
595|113868|1180
595|103184|4598
595|105594|1200
595|113154|1883
595|110860|114
603|103404|210
603|107746|12980
603|114066|476
603|106911|621
603|105960|1242
603|106796|280
612|104779|98
622|107493|13497
622|101236|150
622|114036|37793
633|111261|833
645|101832|580
645|103996|98
645|111213|276
645|106713|600
645|108333|1176
658|115680|1656
658|103839|6132
658|103993|11
672|115054|138
672|103107|225
672|110010|14998
687|106979|324
687|110316|538
687|110447|35640
687|105604|2464
687|105119|756
687|113166|345
687|114074|7140
703|104822|798
703|110956|63992
720|111932|2290
720|114807|149
720|103790|5832
720|106529|88
720|111203|1690
720|101642|7995
720|107418|1912
720|105382|3960
720|105314|7080
738|110514|5292
757|106647|96
757|110067|5397
757|107306|534
757|115905|69
757|111627|1240
757|107277|399
757|100613|718
757|105099|15200
757|106976|30
777|101515|1995
777|100693|3040
798|114246|19995
798|109545|8990
798|108846|2198
798|105594|2400
798|104891|636
798|102949|414
843|101212|645
843|108860|222
843|102584|1107
843|109642|1422
843|109995|13293
843|107609|11893
843|100291|11400
843|111678|13000
843|107540|318
892|113504|1992
892|100114|47
892|103750|3600
892|113352|139
892|108682|25880
918|110244|75
918|109833|595
918|109175|17997
918|112942|15594
918|103551|897
918|115739|1674
918|106071|1074
918|100410|1184
918|109687|296
945|102898|19192
945|108573|200
945|112599|636
945|115853|2600
945|104630|158000
945|106872|890
945|110065|177
945|103997|620
945|108063|2598
973|103895|600
973|109539|1584
973|106433|290
1032|106008|5
1032|102069|1908
1032|108385|1472
1063|110419|59
1063|101982|708
1063|103357|138
1063|107062|774
1063|108982|3582
1063|115735|55596
1063|104414|234
1063|100444|3195
1095|101691|32394
1095|104800|176
1095|110796|2781
1095|104433|687
1095|114064|17991
1095|107522|995
1128|105490|89
1128|108688|2552
1128|114605|96
1128|108259|18500
1128|109108|7497
1128|107286|220
1128|115349|6580
1162|115336|278
1162|115234|2872
1162|114104|128
1162|112131|6990
1162|115260|2560
1162|111561|2998
1162|111044|12796
1197|110884|10728
1197|115644|4792
1197|105494|456
1197|107789|474
1233|108658|3152
1233|108956|1299
1233|101621|597
1270|108981|3450
1270|107163|742
1270|110268|676
1270|108072|11
1270|111238|1580
1270|106316|387
1270|107768|792
1270|110657|34
1270|105390|268
1308|110693|4516
1308|105504|46893
1347|107751|1036
1347|113694|300
1347|108088|1140
1387|107652|13
1387|109816|369
1387|103750|7200
1428|110495|70
1470|103682|156
1470|112279|2699
1470|115615|354
1470|107838|1980
1470|111792|69
1470|109630|7
1470|111115|4980
1470|110750|150
1470|101013|6699
1513|106064|1200
1513|113370|21596
1513|108423|660
1513|104586|480
1557|111502|288
1557|107934|132
1557|115844|3192
1602|112074|216
1602|114503|37093
1602|111738|2653
1602|112124|1192
1602|109711|5360
1602|105462|149
1602|111048|1990
1602|113403|10198
1602|111141|477
1648|109885|912
1695|114908|128
1695|113454|35
1695|108004|8997
1695|104636|1688
1695|111133|895
1695|115333|1437
1695|104238|115
1695|107791|990
1743|104964|1316
1743|100669|387
1743|103522|269
1743|103228|7992
1743|100435|9793
1743|102735|3856
1743|110692|123
1743|104110|7140
1743|114347|504
1792|100694|48392
1792|103272|127
1792|103082|336
1792|103759|300
1792|115576|477
1842|108103|2208
1842|111479|196
1945|110495|30
1945|109062|1881
1998|104368|406
1998|111598|7996
2052|115603|203
2052|112126|59664
2107|115446|1140
2107|103883|16995
2107|101553|1188
2107|106023|312
2107|106483|298
2107|110518|1092
2107|110452|36372
2107|108432|99
2107|110409|3845
2163|104491|3890
2163|100590|35082
2163|110822|687
2163|102942|2786
2163|113489|20986
2163|107216|590
2220|113854|1236
2220|103920|1128
2220|107118|150
2220|115858|396
2220|103548|420
2220|112699|1912
2220|101238|29990
2220|105951|23320
2220|112553|1113
2278|102725|3200
2278|104547|658
2278|100101|38
2337|107441|1999
2337|107402|4440
2337|109029|9196
2337|114308|458
2337|109635|3560
2337|102736|3424
2337|100144|225
2458|111533|3150
2458|113731|19128
2458|107098|168
2458|106730|1456
2458|107803|1300
2458|110261|15813
2458|114778|385
2458|105852|528
2520|115700|596
2520|105928|234
2520|101103|3836
2583|103182|271
2712|103098|891
2712|111500|30
2712|105794|48
2712|105847|2944
2712|102781|944
2712|114297|3556
2712|112917|899
2712|114065|8396
2845|109495|31992
2845|113370|32394
2913|103475|712
2913|113722|2990
2913|114092|11280
2913|112365|1374
2913|106408|24796
2913|111630|596
2913|108003|623
2913|112215|5040
2982|111512|80
2982|113969|198400
2982|110477|168
2982|107837|552
2982|101675|2394
2982|108302|4520
2982|110942|1017
2982|112667|3504
3052|112332|5120
3052|103949|520
3052|111387|14997
3052|106920|1692
3052|110536|490
3052|110424|179
3052|104912|9
3123|102973|384
3123|109799|1603
3123|108544|88
3123|104862|891
3123|109682|966
3123|105870|8480
3123|102243|279
3123|107823|4491
3195|101823|31995
3195|107147|4194
3268|103518|3045
3268|102735|19280
3268|104925|30
3268|115677|4490
3342|100579|478
3342|101245|990
3342|101292|7495
3342|107280|63992
3417|100360|5274
3417|104091|21693
3417|110739|146
3417|115850|1158
3417|110779|224
3417|108498|24
3417|108285|649
3493|104241|90
3493|105700|3999
3493|104504|2094
3493|113239|9612
3570|110414|845
3570|109647|720
3570|111383|396
3648|107083|11186
3648|104828|15
3648|115734|69592
3648|107919|768
3648|112727|5516
3648|108958|693
3648|107127|1645
3648|107895|2796
3727|105161|7495
3727|108283|3804
3727|113048|2384
3727|108191|1799
3727|111928|229
3727|106252|1529
3727|102712|3160
3727|103618|360
3807|113447|392
3807|107342|790
3807|101139|45493
3888|102436|5592
3888|114557|1393
3888|104955|4000
3888|115207|161
3888|114916|200
3970|102426|465
3970|101747|29996
3970|100566|8699
4053|113698|678
4053|111785|10080
4053|110053|1845
4053|105754|840
4053|105747|7499
4053|113767|5858
4053|114754|19840
4053|107504|632
4053|105551|46193
4222|107826|432
4222|110745|57591
4222|107146|354
4222|100179|17811
4222|115088|990
4222|103470|2268
4222|108078|19192
4308|107641|396
4395|106465|375
4395|108733|70
4395|105819|598
4395|111371|24
4395|112366|1396
4395|103553|358
4395|115334|53091
4395|101206|276
4662|115720|540
4662|108318|868
4662|107939|7693
4662|104591|297
4662|113253|1188
4662|112062|558
4662|104613|104
4662|106091|990
4753|110008|2864
4845|113199|698
4845|101357|1795
4845|112714|7400
4845|104253|336
4845|106036|28000
4845|106611|7198
4845|101514|1946
4845|102222|278
4938|115052|100
4938|100439|9130
4938|104615|632
4938|109165|378
4938|107817|1156
4938|102129|7690
4938|112738|14598
5032|100439|6391
5032|105893|26
5032|103497|200
5032|106813|128
5032|108561|16093
5032|108705|39
5127|100690|5516
5320|100947|369
5320|106253|4800
5418|109594|438
5418|113688|537
5418|114803|128
5418|109424|15552
5418|111997|1824
5418|105345|3298
5418|101767|1195
5418|109733|495
5517|106433|193
5517|113128|398
5517|114347|1176
5517|115649|1744
5517|108695|6990
5517|100951|7596
5517|105450|8082
5517|102548|414
5617|103767|18588
5617|113008|7840
5617|108922|259
5617|104100|4480
5617|110893|115
5617|108561|4598
5617|111284|387
5617|104564|44
5617|106823|158
5820|114753|396
5820|113145|1813
5820|102057|168
5820|105374|144
5820|110017|135
5923|104053|1953
5923|107750|83994
6027|101421|735
6027|108440|1692
6027|114673|480
6132|115379|15040
6132|110994|298
6345|100286|3141
6345|104288|316
6345|109082|6320
6345|113729|648
6345|109993|1674
6345|106166|39104
6345|114920|616
6345|113030|784
6345|104355|439
6453|115548|1316
6453|115697|133
6453|102482|169
6453|103394|22796
6453|115577|702
6453|115491|4197
6453|109908|159
6453|105281|180
6562|111408|3598
6562|114976|5504
6672|113673|2864
6672|105442|896
6672|104267|159
6672|114207|3699
6783|101159|1497
6783|114535|676
6783|115124|2090
6783|102783|1640
6783|108184|24995
6783|100550|72990
6783|104992|807
6783|106760|1316
6783|104038|6180
6895|108732|5
6895|111538|100
6895|100835|1918
6895|114178|796
6895|104325|6400
6895|110172|9520
6895|114411|17394
6895|103447|2568
7008|104621|9120
7008|104941|2598
7008|114817|50391
7237|109337|7693
7237|101265|76491
7237|110294|5994
7237|107307|17990
7237|104168|169
7237|107525|828
7237|102416|1242
7237|102323|21360
7353|105894|48
7470|111323|476
7470|112337|7693
7470|113426|4620
7470|106301|114392
7470|105634|266
7470|106912|1195
7470|110036|1595
7588|115740|1673
7588|103215|204
7588|107631|2129
7588|114850|1264
7588|104570|400
7588|109909|80
7588|112378|828
7588|108154|3321
7588|108609|1062
7707|105957|635
7707|105986|218
7707|106141|3152
7707|108657|84
7707|112985|250
7707|115866|333
7707|112975|99
7707|115798|3980
7827|115517|4046
7827|107777|686
7827|102570|384
7827|105046|6000
7827|104442|1251
7827|110970|4794
7948|110598|64
7948|112845|198
7948|108076|338
7948|115106|990
7948|115701|2926
7948|101530|111993
7948|105771|204
8070|105229|504
8193|107896|50392
8193|110309|21592
8193|114975|1112
8193|107120|65
8193|100796|1680
8193|115399|24196
8193|112355|2118
8442|112618|6993
8442|106909|9199
8442|115505|2691
8442|113017|4995
8442|101537|4900
8442|114778|770
8695|113936|1284
8823|107399|1645
8952|110839|995
8952|107591|194
8952|101603|2780
8952|103530|245
9082|106787|3520
9082|105177|1460
9082|107297|10499
9082|106529|792
9213|110083|1194
9345|111311|224
9345|112618|999
9345|103240|3051
9345|107295|29495
9345|108543|834
9478|105650|14880
9478|113273|368
9478|105594|10800
9478|113663|19197
9478|104110|11900
9478|108397|685
9478|111804|5997
9478|100862|25191
9612|107272|294
9612|110761|29596
9612|103765|3915
9747|108690|4974
9747|112013|249
9883|102803|1352
9883|104671|1490
9883|104910|25
9883|106435|110
9883|100521|1666
10020|109745|450
10020|101167|32700
10020|115121|200
10020|104039|3312
10020|111749|576
10020|112319|1197
10158|108016|5994
10297|108287|695
10297|108598|956
10297|103452|740
10297|108244|13596
10297|108900|4990
10297|106661|269
10437|104669|980
10437|100558|5990
10437|102587|1104
10437|112074|216
10578|106285|16197
10578|104150|1314
10578|111634|2148
10578|109205|13993
10578|110079|300
10578|108848|872
10578|108048|687
10578|103392|1974
10578|111607|2495
10720|113496|9592
10720|106111|336
10720|100729|29994
10863|101408|25196
10863|115709|478
10863|114498|2502
11007|110450|12040
11007|108043|17910
11007|115749|13495
11007|107506|38495
11007|101820|1196
11152|108464|76
11152|109995|1899
11152|112581|3295
11298|107693|495
11298|109220|6993
11298|107386|516
11298|107717|4816
11298|107524|315
11445|108455|2095
11445|115330|954
11445|106622|800
11445|113039|59
11593|101451|18598
11593|101156|2144
11593|105097|998
11742|113791|2052
11742|101894|2495
11742|102504|498
11742|114313|380800
11742|114089|8091
11892|107615|3582
11892|115369|25200
11892|113735|199
11892|105014|836
11892|114810|834
11892|113311|34304
11892|109046|2396
11892|101896|9995
11892|101459|796
12043|112955|798
12043|112256|388
12195|113182|3900
12195|103024|90
12195|108544|395
12195|107954|966
12195|104146|47593
12195|114697|632
12348|102789|118
12502|107714|414
12502|102063|5382
12502|112514|41391
12502|101983|790
12502|112679|158
12502|114296|4064
12502|110106|4624
12502|100136|210
12657|112739|1664
12657|101444|62990
12657|106970|19500
12657|107030|2064
12657|104917|576
12657|103842|9000
12657|101767|239
12657|102566|11400
12657|105870|1060
12813|111734|594
12813|101409|59391
12813|111402|2368
12813|111213|552
12813|100728|999
12813|103646|2450
12970|105024|796
12970|111641|2480
12970|106013|328
12970|103861|3003
12970|108644|5394
12970|105138|1603
12970|105528|8994
12970|114170|1280
13128|100315|56
13128|110697|3294
13287|110794|995
13287|115647|990
13287|111794|718
13447|114671|499
13447|102664|7512
13447|114349|700
13447|115302|752
13447|104958|768
13447|105848|2996
13608|105383|42320
13608|115291|118
13608|103001|12450
13608|101212|258
13770|108149|596
13770|111053|900
13770|111555|16497
13770|112756|954
13933|109951|3450
13933|112115|10600
13933|108725|778
13933|106369|54
14097|114147|4764
14097|100778|685
14097|115306|800
14097|103896|7799
14097|100345|4056
14097|113692|612
14763|115315|38
14932|103487|69
14932|115406|40
14932|106913|8396
15102|108745|18995
15102|115512|20
15102|110818|504
15102|111392|897
15102|107103|16797
15102|105237|1495
15273|114656|1584
15273|106515|966
15273|111859|3680
15445|112648|12792
15445|109759|99
15445|104382|55
15445|114032|1184
15445|112978|10080
15618|101412|23992
15618|109376|5599
15618|102681|590
15618|113933|3918
15618|112599|954
15618|109945|7520
15618|109223|867
15618|108991|198
15618|112433|588
15792|104107|11880
15792|106049|10980
15792|106097|788
15792|106977|2980
15792|110473|99
15792|107811|447
15792|114467|299
15792|101724|23596
15967|113440|1590
15967|105310|234
15967|112879|16191
15967|115127|20000
15967|113282|1680
15967|101863|69
15967|113044|698
15967|101753|319
16320|112069|60
16498|112422|55996
16498|112074|216
16498|113586|2093
16498|109922|276
16498|114391|13993
16498|112775|2399
16498|112478|1192
16498|113984|1024
16677|103612|351
16677|111255|37136
16677|115561|5748
16677|106855|1152
16677|102194|10
16677|113168|708
16857|102964|4950
16857|109518|11880
16857|114332|1495
16857|107811|1192
16857|102032|768
16857|108047|16396
16857|107529|1197
16857|107732|513
16857|105925|59
17038|103383|2097
17038|104661|3000
17038|102727|2376
17038|113081|4760
17038|109396|119
17220|109605|1344
17220|103490|5988
17403|109687|888
17403|104651|1180
17403|108881|693
17403|110547|1590
17403|110690|15990
17403|110321|9992
17403|105969|89
17403|112031|2331
17403|111540|26
17587|103094|594
17587|109059|110
17772|107119|4197
17958|103799|5586
17958|100136|245
17958|102182|636
17958|105930|12
17958|110589|1680
18145|102414|118
18145|103483|3510
18145|102170|4495
18145|102240|534
18145|115820|50
18145|112692|132
18145|110001|2691
18145|110433|5094
18333|105198|792
18333|109757|297
18333|102109|389
18333|106847|90
18333|107736|68
18333|112490|50
18333|104337|276
18522|102069|1590
18522|100625|240
18522|105744|3411
18522|113005|2392
18522|106784|13798
18522|109454|6745
18712|115784|66493
18712|111920|396
18712|114048|23093
18712|107487|1995
18712|113108|11998
18712|100214|349
18712|104285|1112
18712|111667|7192
18903|115555|5154
18903|107823|2994
18903|103454|138
19095|109127|380
19095|102191|31992
19095|104288|1422
19095|100645|1734
19095|111924|518
19095|111228|112
19095|109910|657
19288|111617|109
19288|104504|349
19288|109457|690
19288|111848|1197
19482|104768|1180
19482|105730|15120
19677|100629|270
19677|104646|108
19677|112401|743
19677|100404|23600
19677|113903|3400
19677|112716|28194
19873|102095|1196
19873|112693|20
19873|108286|1390
19873|114684|50392
19873|100871|147
19873|101775|981
19873|114605|84
19873|114388|4480
20070|111702|999
20070|104868|7140
20070|102787|118
20070|104076|396
20070|106294|640
20070|106089|203
20070|105705|68
20070|101681|531
20070|113967|616
20268|105957|635
20268|104471|419
20268|100213|388
20268|110080|17091
20268|103053|54990
20268|115507|1740
20268|108280|995
20268|110909|445
20268|110327|50292
20467|110270|2694
20467|105198|1188
20467|100852|3894
20467|114442|13293
20467|111147|8995
20667|104605|9594
20667|100958|45
20667|111587|1813
20667|104229|495
20868|113612|676
20868|102214|4060
20868|114594|807
20868|112270|12897
20868|102293|196
20868|105818|308
20868|114389|43194
20868|112215|1680
20868|108568|299
21070|115530|5880
21273|110019|126240
21273|104123|1251
21273|108966|4360
21273|110773|207
21273|102935|798
21273|100718|50500
21273|106952|420
21477|114641|4798
21477|107775|1832
21477|112762|15
21477|101594|1198
21477|112890|598
21682|113683|11520
21682|106968|3996
21682|111437|257
21682|103939|58
21682|103661|621
21888|102848|14700
21888|113339|3312
21888|100479|229
22095|105009|47
22095|103811|12132
22095|108886|4944
22095|112614|87
22095|108654|1798
22095|103084|12591
22095|110069|704
22095|112861|240
22303|110751|1254
22303|113861|47992
22303|101566|7999
22303|101782|48792
22303|114266|1674
22303|104698|69
22303|115333|4311
22303|102443|46800
22303|115736|1008
22512|106498|2598
22512|101651|5499
22512|110095|11862
22512|111919|297
22512|111474|3486
22933|115097|19192
22933|112489|23840
22933|109705|96
22933|102168|7990
22933|105357|351
22933|113642|8399
22933|112213|299
22933|111636|1245
22933|103104|895
23145|102311|8117
23145|112195|546
23145|104358|1592
23145|104839|16191
23145|113763|49995
23145|105092|180
23145|104434|44093
23358|104742|13440
23358|107361|160
23358|102953|845
23358|112181|2660
23358|114791|7298
23358|109548|27300
23358|114658|139
23572|102856|640
23572|115012|1090
23572|100636|300
23787|107199|792
23787|100279|1393
24003|111907|636
24003|113307|516
24220|111329|7992
24220|112004|1104
24220|102646|1590
24220|115763|14999
24220|103718|7900
24438|103094|99
24438|102255|598
24438|112563|1192
24438|112407|12593
24438|100543|5160
24438|114064|1999
24438|112576|36495
24438|112261|88
24657|109478|966
24877|115098|3762
24877|105209|594
24877|107102|588
24877|105061|1836
24877|101290|2998
24877|106062|2000
25098|106286|3995
25098|111186|11
25098|114027|686
25098|102867|1404
25098|105898|2388
25098|104490|13990
25098|115692|809
25098|114267|954
25098|105359|315
25543|106051|1995
25543|115740|1195
25992|102165|156
25992|113327|1176
25992|110287|687
25992|108776|423
25992|107877|414
25992|107204|59
26218|115395|24796
26218|101582|259
26218|111498|110
26218|100857|4790
26218|110229|155
26218|106388|116
26218|112547|1760
26218|109681|472
26445|107305|3395
26445|101753|1276
26445|113184|105
26445|115453|3894
26445|105995|8991
26445|104248|828
26445|101247|327
26445|111598|13993
26445|107402|8880
26673|103012|23200
26902|108647|339
26902|101174|16797
26902|113779|2250
26902|110888|11196
26902|104984|9990
26902|115629|7184
26902|101877|1791
27132|100137|477
27132|104016|272
27363|109754|690
27363|109244|8988
27363|104165|1196
27363|104726|140
27363|115375|7194
27363|105905|206
27363|113392|504
27595|114780|3348
27828|110096|495
27828|109213|15
27828|104236|4491
27828|113347|2376
27828|102841|6320
27828|104040|990
27828|100181|14796
27828|101489|2691
27828|110153|5800
28062|112136|10
28062|110085|1736
28062|113417|1584
28065|113075|268
28065|111453|235
28068|102603|790
28068|115825|190
28068|105791|360
28068|104699|7995
28068|108844|3493
28068|104016|389
28068|110933|385
28068|109515|752
28068|106485|58
28072|114265|2225
28072|113502|26800
28077|104588|891
28077|104140|2236
28077|103689|117
28077|104845|336
28083|108191|5397
28083|110657|237
28083|103144|40720
28083|106263|380
28083|112629|7200
28083|107069|2232
28083|113538|40194
28090|100160|179
28090|106729|1797
28090|103364|23988
28090|103845|8558
28090|103368|15196
28090|104067|214
28090|111253|8290
28098|114698|645
28098|114198|693
28098|109266|693
28107|111997|1368
28107|108497|1039
28107|108185|10398
28117|103856|2392
28128|101572|516
28128|103005|745
28128|104975|1584
28128|107894|1134
28128|107252|9600
28128|104233|290
28140|102565|740
28140|101059|97993
28140|102310|1984
28140|100921|3399
28153|104219|30
28167|100412|15594
28182|109221|836
28182|109042|118
28182|113788|8328
28182|114051|594
28182|101657|5799
28182|100703|1436
28182|109232|189
28182|112375|864
28182|103348|234
28198|106263|38
28198|103627|612
28198|113288|11990
28198|102652|1192
28233|114413|2304
28233|105090|990
28233|108941|3594
28233|107372|12464
28233|100309|2798
28233|102113|15
28233|114580|15520
28252|112829|298
28252|108150|89
28252|100962|12
28252|114230|1744
28252|107584|18130
28252|107720|1996
28252|107421|299
28252|107101|995
28272|112461|840
28272|108766|259
28272|101077|1195
28272|114521|594
28272|112277|82
28272|101012|1290
28272|114930|300
28272|107800|396
28293|101895|1072
28293|114190|5976
28293|113988|32040
28315|105594|8400
28315|113345|1592
28315|105655|30980
28338|111019|16495
28338|109503|150
28338|107189|9900
28338|103811|9436
28338|102260|695
28338|100879|12495
28338|100379|1800
28338|105788|268
28362|106212|4704
28387|107070|28495
28387|102727|1188
28413|108459|5292
28413|101611|10995
28413|105105|17991
28413|108238|298
28413|100442|1516
28413|106193|981
28497|111668|1898
28497|106675|5080
28497|103020|8100
28497|106834|9196
28497|101172|8999
28497|101302|245
28497|103361|838
28497|100840|499
28497|114907|58880
28558|103640|46392
28558|103109|139
28558|104329|657
28558|110909|178
28558|108192|238
28558|109548|3900
28558|109489|196
28590|103229|237
28590|109072|169
28590|102046|2100
28590|104115|2093
28590|112408|2716
28623|108857|3998
28623|105666|120
28623|110304|15393
28623|106886|28990
28623|111461|1112
28623|103043|1300
28623|101043|10995
28623|102132|1580
28623|115388|298
28657|111477|92
28657|102663|30
28657|107377|992
28692|103555|15600
28692|101622|9441
28692|102101|7904
28692|104844|278
28692|103490|47904
28692|109338|4764
28728|102231|594
28765|111930|11598
28765|115744|378
28765|106693|15932
28803|114929|1440
28803|115014|1536
28803|103420|277
28803|115282|113
28803|102590|1608
28842|105861|7800
28842|103791|1968
28842|110312|2064
28882|104578|3990
28882|109362|22995
28882|108876|2691
28882|105608|480
28882|115851|5196
28882|107059|444
28882|106885|496
28882|112015|156
28882|106025|992
28923|114230|872
28923|100713|2699
28923|111342|2156
28923|108022|138
28923|113271|12420
28965|113839|2086
28965|107376|180
28965|102233|396
28965|114051|495
28965|113312|31992
29008|102744|4014
29008|112163|10796
29052|107868|58
29052|104796|159
29052|103355|16568
29052|108267|18
29097|110380|2994
29097|111903|21995
29190|109296|40
29190|115067|25794
29190|105717|1062
29190|106318|13990
29190|109152|1120
29238|110393|461
29238|114441|417
29238|111183|4797
29238|105901|1190
29287|113402|2322
29287|104846|1580
29287|110694|17997
29287|111900|2394
29287|100483|1032
29337|104446|189
29337|111069|2691
29337|102068|1904
29337|109878|90
29337|111449|58
29337|105520|358
29337|100731|13998
29337|108108|2787
29388|114952|99990
29388|106998|2400
29388|105476|1512
29388|106453|2506
29388|108495|1431
29388|104809|16620
29440|108728|1106
29440|100939|432
29440|107595|4099
29493|106500|72
29493|113035|299
29547|113012|15594
29547|114309|3664
29547|103053|16497
29547|111504|1152
29547|110356|6363
29602|112304|2328
29602|113357|198
29602|106781|1380
29602|105014|836
29658|105715|9000
29658|112512|1456
29715|113539|28796
29715|101361|1824
29715|106628|261
29715|101571|792
29715|107503|2754
29715|101431|12495
29773|108833|12640
29773|104390|4995
29773|114344|178
29773|115050|36995
29773|106404|318
29773|102560|195
29832|113154|1614
29832|107875|1992
29832|102707|78
29832|103527|5892
29832|106522|8760
29832|101588|898
29832|100657|160
29832|113021|4794
29892|106663|2472
29892|108031|1072
29892|102547|276
29892|114217|1666
29892|102543|2995
29892|109709|7116
29892|115675|14796
29892|112619|10500
30015|110788|84
30015|103669|180
30078|102262|458
30142|110980|9891
30207|102243|279
30207|101125|15350
30207|114984|640
30273|110281|176
30273|101882|54
30273|100784|1584
30273|109174|12700
30273|107910|9597
30273|101266|10499
30340|115774|1740
30340|101183|2691
30340|100292|25920
30340|114943|1152
30408|109661|89991
30408|101400|1432
30408|113879|135
30408|107116|20368
30408|105704|3591
30408|112750|10720
30408|110377|396
30477|110078|2394
30477|113399|136
30477|111382|21495
30477|103345|5997
30477|108143|11691
30477|103879|354
30477|107796|139
30547|100280|276
30547|106499|13160
30547|101890|356
30547|103703|7640
30547|110555|32
30618|102029|159
30618|107935|86
30618|101783|2798
30618|100734|35176
30618|100280|345
30618|113064|4794
30618|104905|963
30618|104939|556
30618|107467|3597
30690|112095|534
30690|102816|2560
30690|108314|8451
30690|111409|1040
30690|102197|4796
30690|114736|780
30763|102139|98
30763|106638|1533
30763|102927|596
30763|114265|17800
30763|109376|44792
30763|114736|1300
30837|112201|5040
30837|102321|2781
30837|101404|38995
30912|113836|49491
30912|103078|441
30912|113512|800
30912|108449|165
30912|102667|2124
30912|107651|115
30912|108283|6340
30912|101617|1161
30988|107190|48
30988|101541|7399
30988|105012|903
30988|115094|9198
30988|107932|339
30988|105048|234
30988|109743|432
30988|104743|8400
31065|106247|8991
31065|109735|2160
31065|101811|29
31065|110218|26080
31065|102938|2716
31143|110194|900
31143|114725|207
31143|111627|2480
31143|109595|25400
31143|104983|4995
31143|110717|6993
31143|111968|99
31143|115507|4640
31143|107226|920
31222|110853|1707
31222|111043|5520
31222|108896|14
31222|108678|65
31222|101381|1161
31222|113455|27
31222|113480|48993
31222|110603|1145
31302|108644|3596
31302|111572|11760
31302|102105|29
31383|108938|472
31383|103602|3845
31383|115590|23100
31383|106420|120
31383|109013|1197
31465|100555|998
31465|103671|228
31465|104571|126
31548|112004|1840
31548|109909|60
31548|101440|15
31632|108051|5997
31632|108762|1196
31632|106988|1199
31717|104741|3360
31717|108038|169
31717|104478|2340
31717|103614|768
31717|104140|5590
31803|110651|30
31803|109501|1393
31803|111948|5880
31803|108766|2072
31803|102655|276
31803|113594|31794
31890|111105|11450
31890|112563|1192
31890|110447|27720
31890|104413|1356
31890|110286|1584
31890|115583|13914
31890|111614|104
31978|113144|1432
31978|101783|11192
31978|110522|1512
31978|114304|2290
31978|106658|7797
31978|105937|29400
31978|104335|345
31978|107032|590
32067|107927|158
32067|101968|5150
32067|100636|675
32067|107071|51291
32067|110136|55992
32067|106011|7376
32157|105692|269
32157|108313|3493
32157|105259|693
32157|112988|7992
32157|113956|28764
32157|102472|272
32157|105850|618
32157|111306|8091
32248|109233|5292
32248|109201|12000
32248|103213|6840
32340|110249|28
32340|106541|79
32340|107310|11495
32340|110578|98
32340|100456|49
32340|100624|2700
32340|100477|2961
32433|103956|216
32433|103841|1432
32433|113198|38
32433|108094|59
32433|104632|10128
32433|107776|12640
32527|103876|128
32527|101267|1794
32527|103146|35010
32622|111250|1440
32622|110733|1494
32718|100832|16999
32718|102091|140
32718|112900|308
32718|100810|216
32718|114311|1824
32718|115128|9316
32815|111245|1780
32815|101785|33594
32815|115165|640
32913|108777|23
32913|111450|450
32913|104887|47192
32913|113265|16194
32913|105484|11816
33012|100245|2872
33012|108811|891
33213|100880|159
33213|115793|2373
33315|111341|47
33315|113769|952
33315|108212|128
33315|111392|299
33315|101977|1036
33315|100797|33995
33315|100123|239
33315|103105|1197
33418|103591|3088
33418|105016|2798
33418|103453|1368
33522|110130|558
33522|111925|1596
33522|102614|414
33522|114566|474
33522|101881|181
33522|102284|30
33627|112838|796
33627|101534|2392
33627|114806|2310
33733|115532|4650
33733|103459|1428
33733|106363|13320
33840|103200|1521
33840|100392|1393
33948|107920|1380
33948|113168|826
33948|100417|1614
33948|105119|1512
33948|110319|49
33948|115476|2862
34057|104584|3495
34057|113041|7194
34057|103250|34993
34167|107429|1995
34167|103143|5940
34167|108732|5
34167|105692|30
34167|108484|1074
34167|107873|636
34278|106195|999
34278|105613|4194
34278|108373|486
34278|108759|7680
34278|108025|345
34278|105211|940
34278|108040|14
34278|111271|196
34278|102916|588
34390|103005|1341
34390|102852|23340
34390|114073|199
34390|110784|17592
34390|114072|59391
34390|104841|299
34617|111053|450
34617|113285|2148
34617|114440|1499
34617|114007|1904
34732|115400|23120
34732|105741|2495
34732|105106|342
34732|112732|474
34732|102781|944
34732|115849|1971
34732|106934|149
34848|100593|399
34848|100672|1744
34965|106861|2086
34965|113586|1196
34965|113180|2632
34965|100997|8991
35083|101394|2208
35202|110485|2990
35322|108235|25191
35322|115319|1136
35322|111966|278
35322|104399|774
35322|101052|360
35322|112862|384
35322|109922|138
35322|101676|27196
35322|107410|17328
35443|106829|328
35443|105726|199
35443|100930|3588
35565|113154|2152
35565|111856|609
35565|113778|750
35565|110094|336
35688|102220|690
35688|106167|990
35688|104465|432
35688|106947|680
35688|105313|300
35688|109753|594
35812|102231|990
35812|101776|1113
35812|101427|7192
35812|103438|68
35812|112456|119
35812|106675|7620
35812|103255|1521
35812|102679|2373
35812|107012|19990
35937|106638|1533
35937|114827|1092
35937|110914|54
35937|112834|40194
35937|112861|599
35937|113820|5499
35937|101228|59994
35937|104324|245
35937|100131|118
36063|101624|138
36063|101784|999
36063|114047|128
36063|108414|1974
36063|102805|1000
36063|106580|8000
36063|105294|15021
36063|109277|666
36190|101926|44991
36190|114770|414
36190|100555|3992
36190|112757|7
36190|109081|31992
36190|114030|973
36190|102495|598
36190|110467|2299
36318|106125|135
36318|115596|6990
36318|113784|1074
36318|100828|15995
36318|101283|8743
36318|113531|1272
36318|104700|4190
36318|103746|184
36318|101132|1996
36447|110586|2680
36447|103086|95
36447|111376|1393
36447|111752|891
36447|113081|19040
36447|107271|595
36447|103368|3799
36447|101869|376
36577|106158|192
36577|111322|806
36577|111287|30
36577|103960|13960
36577|104110|23800
36708|105600|8576
36708|106212|588
36708|102850|765
36708|108582|5699
36708|106836|590
36840|106429|474
36840|111890|16
36840|103211|15840
36840|103806|2023
36840|104858|149
36840|103838|19120
36840|111235|639
36840|108116|574
36840|113760|196
36973|105882|68
36973|110651|179
36973|103793|15192
36973|108780|82
36973|107973|2650
36973|112841|4491
36973|109936|155
36973|103601|890
36973|113008|3920
37107|114829|1253
37107|101053|13999
37107|109107|5397
37107|113488|156
37242|114950|1764
37378|112935|6495
37378|107069|1984
37378|102208|1690
37378|101823|12798
37378|113763|29997
37378|111240|612
37378|101832|812
37515|115544|3493
37515|106648|900
37515|110884|3576
37653|101645|3196
37653|101265|50994
37653|101538|5334
37792|103729|2034
37792|115905|69
37792|113948|1176
37792|103171|36
37792|110571|23800
37792|107145|590
37792|100125|342
37792|103770|490
37932|105638|384
38073|101220|4470
38073|113580|11598
38215|113321|496
38215|104710|2490
38215|102722|693
38215|103870|13599
38215|104799|40
38215|110325|2152
38215|108113|954
38215|114844|295
38358|107637|6594
38358|114828|1253
38358|103241|112
38358|105240|8
38358|101547|29990
38358|105773|6993
38358|113351|756
38502|103713|596
38502|102818|1554
38502|102866|12776
38502|115076|354
38502|102999|3900
38647|102406|2780
38647|100402|30
38647|106880|2970
38647|113577|53592
38647|102765|46990
38793|103904|1614
38793|100272|6990
38793|114217|476
38793|112622|57114
38793|110975|388
38940|113018|3492
39088|108170|3899
39088|105111|9992
39237|104027|2250
39237|100231|1996
39237|106589|695
39237|106146|585
39237|111071|1980
39387|108214|37990
39387|107704|68880
39387|112692|169
39538|108689|10500
39690|112135|4990
39843|106937|2952
39843|109081|7998
39843|112339|25728
39843|110325|1345
39843|108354|1400
39843|100374|80
39843|114212|1200
39997|104287|128
40152|104504|3141
40152|110861|139
40152|102801|8634
40152|106085|12440
40308|105426|1280
40308|107386|516
40623|106324|790
40623|113616|49
40623|105879|27
40623|108828|518
40623|101027|279
40623|105389|26593
40623|107223|152
40623|101805|2998
40782|109442|90
40782|106244|1680
40942|106060|7596
40942|100716|2950
41103|113316|891
41103|114382|208
41103|101791|2990
41103|104596|35693
41103|106323|896
41265|113150|1076
41265|106612|4599
41265|101226|13797
41265|114884|384
41265|106893|1795
41265|103411|2556
41428|110625|1434
41428|114622|1584
41428|114519|159
41428|113574|111
41428|110381|2241
41428|103655|1790
41592|113588|1798
41592|113295|752
41592|108501|220
41592|115544|2994
41592|105506|297
41592|113660|20860
41592|103098|693
41592|114383|640
41592|107824|1618
41757|114433|708
41757|113109|8997
41757|109834|32
41757|112541|328
41757|113474|207
41757|114587|882
41757|115725|30400
41757|107798|7040
41757|105937|12600
41923|109418|47
41923|106743|159
41923|113457|398
41923|105751|1400
41923|103523|1424
42090|114726|27990
42090|103960|34900
42090|112115|10600
42090|105128|552
42090|104296|273
42090|107619|9990
42090|108618|891
42090|110091|2093
42090|113908|8340
42258|104886|1432
42258|104653|1017
42258|101820|598
42258|113962|330
42258|112477|360
42258|112068|290
42258|100158|6588
42258|106470|245
42258|103719|9891
42427|115250|2077
42427|114977|12495
42427|112120|175
42427|111297|21504
42427|112092|28616
42597|109659|592
42940|106630|60
42940|108794|4893
42940|104612|4582
42940|112696|8792
42940|111846|53091
42940|113609|1062
42940|101401|680
42940|114263|23697
43113|115331|1795
43113|104490|11192
43113|112076|269
43287|108877|1408
43287|104408|995
43287|101644|270
43287|107786|1598
43287|111862|238
43287|111916|158
43462|101086|17536
43462|111648|102
43462|113011|995
43638|111000|2396
43638|102200|1794
43638|113818|495
43638|104483|3380
43638|101033|16497
43638|101472|349
43815|106243|3495
43815|104691|2396
43815|104943|49995
43993|115382|198
43993|114357|42796
43993|105038|7350
43993|101267|299
43993|110710|538
44172|115395|49592
44172|101634|1472
44172|114850|1264
44172|110575|815
44172|101578|2080
44172|107697|552
44352|114338|1242
44352|103455|296
44352|104672|21495
44352|114171|600
44352|106225|39594
44352|115801|1520
44533|114882|1341
44533|101492|498
44533|114672|2112
44533|100405|918
44533|104681|520
44533|105339|1992
44533|111327|35394
44533|115074|826
44533|107896|62990
44715|101797|6490
44715|101938|1341
44715|113573|1112
44715|111417|318
44715|104677|1512
44715|114858|1504
44715|109387|20388
44715|100953|3493
44898|108901|1598
44898|110649|19990
44898|112705|7996
44898|102611|416
44898|109997|1188
44898|109095|990
44898|111911|1240
44898|114939|9198
44898|112246|34995
45082|105939|2680
45082|101430|4974
45082|105495|640
45082|100267|903
45082|114538|1580
45082|101061|62392
45082|107877|69
45082|114803|1152
45267|108411|1794
45267|113134|158
45267|114981|128
45267|102042|399
45267|115328|828
45267|115087|3472
45267|111305|15120
45267|115558|16
45267|105393|549
45453|104089|4490
45453|112695|99
45453|115365|5592
45453|107880|1396
45453|111959|14800
45453|111161|15995
45453|101259|38493
45453|104031|2196
45453|104890|1750
45640|110639|552
45640|108224|169
45640|113604|3000
45640|114872|90
45640|109211|476
45640|100200|5990
45640|114607|24
45828|104346|2748
45828|112256|776
46017|102327|1660
46017|110872|596
46017|100795|351
46207|106300|897
46207|100453|25794
46207|102699|7
46207|104613|622
46207|114097|4599
46207|100184|55
46207|108033|55996
46398|103902|1968
46398|110992|1141
46398|113375|891
46398|104190|15900
46398|108235|13995
46398|106262|534
46398|105692|269
46398|112684|828
46590|109662|4299
46783|106942|1299
46783|108181|12594
46783|112365|229
46783|109672|1344
46783|112082|1496
46783|108212|512
46783|101652|9450
46977|106275|157
47172|109594|55
47172|102780|188
47172|114873|2691
47172|109100|796
47172|105912|39
47172|101979|57582
47172|102270|190
47172|111180|338
47368|106792|1512
47368|108209|21120
47368|108480|22500
47368|113618|567
47368|112094|6390
47368|105715|9000
47368|104811|11992
47565|106679|1017
47565|100287|80
47763|105517|392
47763|108292|10430
47763|115191|790
47763|107357|1242
47962|109932|930
47962|100313|597
48162|107094|1088
48162|114435|39591
48162|113360|258
48162|107076|7194
48162|104933|3160
48162|107718|912
48162|114087|300
48162|103327|140
48162|113436|2682
48363|115480|1000
48363|104941|1299
48363|110276|2396
48363|111613|1032
48363|102339|695
48565|111694|549
48565|110329|1090
48565|110394|19250
48565|111373|8490
48565|112117|13250
48565|110084|552
48565|108793|28
48565|110601|1707
48565|115776|1099
48768|105011|114
48768|110532|10720
48768|110179|56
48768|110663|83
48768|108103|368
48768|110164|1192
48768|104773|1580
48768|112212|179
48768|112594|15196
48972|109853|345
48972|103468|1098
48972|114846|1246
48972|100552|1592
48972|110645|1216
48972|102594|26394
48972|109431|445
48972|100615|3104
48972|108305|8200
49177|101278|1813
49177|110727|9899
49177|110889|8600
49383|103063|73984
49383|110821|14394
49383|100241|27112
49383|104344|198
49383|104221|392
49383|110458|1036
49383|108729|17596
49383|105931|3493
49590|111934|272
49590|102289|79
49798|109601|62820
50007|112389|1600
50007|107486|1072
50007|115691|1699
50640|107424|1598
50640|100444|3834
50853|103714|18600
50853|111967|5997
50853|115406|80
50853|104904|10798
50853|102015|220
50853|114567|1494
50853|110675|559
50853|111878|29
51067|107917|3799
51067|111080|399
51067|100368|956
51067|103878|19400
51067|114992|198
51067|113103|47
51067|102463|104
51282|102211|1976
51282|108095|207
51282|109370|567
51282|114963|564
51282|106537|717
51282|100395|3192
51282|110136|13998
51282|110326|3196
51498|115437|2196
51498|100772|35
51498|106013|656
51498|100659|1598
51498|107599|945
51498|106905|11994
51498|112357|2312
51498|109779|360
51715|109004|198
51715|107220|23192
51715|102529|6930
51715|110444|12
51933|113018|2328
51933|102818|888
51933|103624|736
51933|115606|15
51933|109219|2394
52152|113596|11994
52152|111732|440
52152|102197|4796
52152|101152|5394
52152|104955|4000
52152|111875|158
52372|105637|790
52372|113669|158
52372|112517|268
52593|105652|360
52593|105104|525
52593|115195|46392
52593|107601|258
52815|107669|158
52815|111851|9
52815|114654|680
52815|108761|6998
52815|112820|4350
52815|104515|232
52815|100775|69592
52815|104720|7425
52815|105092|90
53038|104716|8598
53038|105240|24
53038|105659|2682
53038|110983|245
53038|114946|2160
53038|113839|298
53038|110775|280
53038|111804|7996
53262|104271|952
53262|105127|4600
53262|111633|1095
53262|106541|99
53262|102168|4794
53262|114392|9016
53262|108494|29995
53262|104480|398
53487|100128|158
53487|100623|369
53487|101424|298
53487|102555|79
53487|103649|177
53487|110979|70191
53487|109027|1791
53713|105658|1584
53713|108176|699
53940|108472|798
53940|107280|47994
53940|100564|8394
53940|111967|17991
53940|102643|360
54397|108023|10788
54397|106469|897
54397|111473|6594
54397|110716|3996
54397|102692|18990
54397|106965|21200
54397|102645|54
54627|103593|712
54627|110151|5592
54627|102426|2325
54627|114935|419
54627|113946|1192
54627|111053|1200
54858|108996|5495
54858|107984|5360
54858|101238|8997
55090|114500|158
55090|108423|396
55090|114533|17994
55090|112318|8232
55090|105687|2495
55090|103188|590
55090|109502|1701
55323|101284|599
55323|105669|15360
55557|115111|1495
55557|115386|2998
55557|100119|120
55557|114648|138
55557|114081|1996
55557|112472|2624
55557|108430|5586
55557|114549|156
55557|100251|72
55792|110133|297
55792|107381|15952
56028|106085|12440
56028|109426|189
56028|113497|7040
56028|109651|1799
56028|105214|1195
56028|113157|360
56265|104349|1728
56265|103891|26
56265|105309|120
56265|104949|798
56265|111859|736
56265|101372|131391
56265|109719|719
56503|101523|11988
56503|106985|56394
56742|104556|168
56742|103497|200
56982|100917|1192
56982|100110|175
56982|112121|2421
56982|112691|559
57223|102901|6950
57223|112204|272
57223|110905|21400
57223|105188|545
57223|101542|86391
57223|101749|5899
57223|108348|7295
57223|102396|23
57465|107231|145
57465|106145|1192
57465|100258|3245
57465|109907|47
57465|100213|49
57465|112403|33800
57465|111930|5799
57465|114405|109
57708|106275|157
57708|102951|1072
57708|101937|343
57708|113906|1199
57708|101898|40
57952|114961|2312
57952|100876|29394
57952|104905|642
57952|103462|1332
57952|112330|1380
57952|112302|799
57952|100465|1152
57952|110702|10791
58197|112124|894
58443|114506|34191
58443|102558|5697
58443|112439|59
58443|100191|119
58443|105932|9750
58443|103684|580
58443|101735|1645
58690|110651|150
58690|105500|1280
58690|104996|1666
58690|114921|2772
58690|109747|632
58938|109120|17097
58938|107184|920
59437|108756|14391
59437|105577|198
59688|111468|20610
59688|104678|4398
59688|102126|1017
59688|100733|129
59940|104308|58
60447|102816|2240
60702|103612|39
60702|107004|139
60702|115490|1798
60702|102199|834
60702|112051|11994
60702|112693|20
60702|114731|695
60958|111283|267
61215|113361|8000
61215|105053|19800
61215|102457|5544
61215|101146|9584
61215|112184|79990
61732|112895|672
61732|114377|5899
61732|105134|3900
61732|108394|179
61992|110657|169
61992|106953|196
62253|110734|118
62253|104037|7940
62253|114878|228
62515|100385|2598
62515|105940|792
62515|109866|483
62515|107670|318
62515|108429|38480
62515|105972|1398
62515|107624|668
62778|104013|9800
63042|103675|1145
63042|109673|564
63042|110643|252
63042|111606|1995
63307|108902|2580
63573|103139|6864
63573|105218|510
63573|109709|8895
63573|108720|490
63840|106740|600
63840|109042|118
63840|103468|1647
63840|104916|2400
63840|114795|7998
63840|111075|12600
63840|112942|20792
64108|110657|34
64108|100394|2952
64108|101700|76
64108|115446|570
64108|101263|59994
64108|114480|12000
64108|113682|714
64108|107611|876
64377|109628|636
64377|115686|27986
64377|106993|354
64377|100592|336
64377|106520|18396
64377|115066|336
64647|103552|216
64647|113748|38
64647|105989|2961
64647|102398|49990
64647|101177|8180
64647|112100|468
64647|112894|716
64647|102054|316
64918|109476|150
64918|102574|1794
64918|103720|7992
64918|106431|640
64918|107132|338
64918|102384|3588
64918|108938|708
64918|108720|441
65190|102344|4680
65190|102155|3416
65190|113924|2864
65190|104045|1106
65190|101086|6576
65190|115736|672
65190|105968|1512
65463|115094|27594
65463|112792|16598
65463|105585|74
65737|110348|134
65737|113826|10998
65737|112209|144
65737|111336|312
66012|106382|360
66012|104472|1797
66012|112369|33995
66288|106089|232
66288|114515|3495
66288|106277|96
66288|110800|35640
66288|107586|816
66288|102906|2394
66288|100229|1197
66288|111721|34794
66288|103777|916
66565|101099|236
66565|107137|1128
66843|109948|196
66843|106867|48
66843|105925|354
66843|105329|5120
66843|104623|3528
66843|102135|492
66843|108463|38
67122|112561|1692
67122|106994|629
67122|103488|305
67122|112240|198
67122|107581|590
67122|100422|182
67402|104087|4299
67402|115285|104
67683|106497|928
67683|108137|15
67683|111763|5998
67683|113881|98091
67683|107109|2518
67683|100198|14800
68248|101548|3599
68248|101975|3600
68248|109989|17962
68248|111091|22215
68248|109571|199
68248|113886|5999
68532|106213|196
68532|114460|1152
68532|115689|1806
68532|109487|2226
68532|110105|275
68817|108800|145
68817|114854|1104
68817|109156|990
68817|105896|598
68817|103870|54396
68817|100984|1960
69103|100569|998
69103|106397|999
69103|106532|1176
69390|114655|624
69390|110954|261
69390|111056|592
69390|113955|17998
69678|112407|12593
69967|112243|10144
69967|115533|6990
69967|106991|636
69967|113939|92
69967|113050|10493
69967|113506|249
69967|108772|880
70257|103591|1930
70257|102838|4760
70257|115652|1335
70257|104421|1400
70257|101188|1912
70548|114634|1183
70548|112387|8599
70548|111520|2990
70548|113688|1611
70548|108689|7500
70548|113525|1791
70548|101357|359
70548|108350|417
70548|103524|1437
70840|114757|42291
70840|105835|3432
70840|107632|84
70840|111676|11970
70840|102312|43191
70840|113724|1386
70840|111643|35
71133|109600|894
71133|109473|47994
71133|106861|894
71133|109437|168
71133|102405|516
71427|103020|5400
71427|115199|336
71427|113053|1750
71427|103528|441
71427|100231|2495
71722|108187|419
71722|101054|891
71722|101288|19797
71722|104189|796
71722|103048|2793
71722|112996|218
72018|115049|1264
72018|107903|96
72018|102366|1588
72018|113391|552
72315|105234|1424
72315|106744|1113
72315|110656|33
72315|115596|699
72315|107403|6760
72613|106548|3528
72613|105520|1611
72613|114188|23940
72613|115004|3198
72613|106326|948
72613|110232|261
72613|104600|6120
72613|107718|1368
72912|102859|10497
72912|115178|531
72912|106629|676
72912|106997|597
72912|105153|5997
72912|115075|395
72912|110663|167
72912|111710|768
73212|113026|20100
73212|100769|5596
73513|114247|17596
73513|108331|8995
73815|106115|676
73815|104701|12593
73815|100234|838
73815|109978|16396
73815|111517|17541
73815|115123|912
73815|113136|1680
73815|113171|24291
74118|115189|1272
74422|108400|4740
74422|105581|395
74422|110679|8070
74422|113142|16998
74727|101078|20
74727|108511|117
74727|101044|66392
74727|110561|118
74727|107986|594
74727|103952|600
74727|110943|3003
74727|108829|22120
74727|105327|10
75033|108144|56
75033|115235|1290
75033|108619|3440
75033|112453|12950
75340|104413|3051
75340|105060|316
75340|108888|807
75340|106959|52
75340|113765|20998
75340|112843|3960
75957|110936|16940
75957|108855|38
75957|103192|1799
75957|105395|1996
75957|111507|693
75957|100854|215
75957|115375|9592
75957|105539|6720
76267|111551|3861
76267|109870|9990
76267|115166|597
76267|107089|6528
76267|114018|1998
76267|113828|48792
76267|101332|86994
76267|113558|295
76267|113952|833
76578|100920|169
76578|109053|798
76578|110423|4302
76578|104085|16990
76890|102886|598
76890|108438|55728
76890|108872|52479
77517|115471|1592
77517|101529|33998
77517|115603|87
77517|105929|2699
77517|115242|833
77517|113806|1791
78148|100534|57594
78148|100244|1995
78148|106724|636
78148|111209|7996
78148|115834|23211
78148|103084|6995
78148|112012|1032
78148|107048|195
78148|105130|8001
78465|107142|318
78465|110917|46
78465|107445|1197
78465|112907|99
78465|113404|623
78465|115587|1280
78465|102907|40
78465|101483|1194
78783|110201|2316
79102|109185|6040
79102|110804|86
79422|115436|1024
79422|101119|6999
79422|101848|13797
79743|104386|27
79743|108425|2545
79743|110085|992
79743|115189|2544
79743|115696|224
79743|109817|4221
79743|104893|9093
79743|100569|3992
80388|102178|57852
80388|103035|1380
80388|104493|736
80388|108142|2592
80388|108632|25191
80388|107773|399
80388|106290|1854
80388|113309|948
80388|106978|1396
80712|108220|58
81037|102953|1014
81037|101035|62993
81037|106555|8928
81037|108983|6293
81037|114331|2990
81037|111881|2793
81037|113446|490
81037|108941|2995
81363|115199|1344
81363|106436|2495
81363|104191|718
81363|114888|640
81363|109787|3141
81363|111528|250
81690|106161|198
81690|107762|3897
81690|102330|1075
81690|106757|592
81690|107524|210
82018|105007|1806
82018|111371|168
82018|109166|1345
82018|113556|11998
82018|109530|8394
82347|107532|1295
82347|104356|3468
82677|103036|740
82677|112176|2392
82677|112080|290
82677|115575|269
82677|114846|1424
82677|112193|69993
82677|101442|5899
82677|108801|116
83008|101951|4886
83008|115628|17398
83008|112692|19
83340|107491|48720
83340|103744|159
83340|106594|387
83340|114646|872
83340|107940|128
83340|103560|4000
83340|111750|4794
83673|115286|832
83673|106018|294
83673|107317|588
83673|104830|3552
83673|103661|483
83673|101852|998
83673|114611|24
84007|105504|13398
84007|102760|2192
84007|101281|5997
84007|104607|27500
84342|115516|4790
84678|109739|5699
84678|104744|632
84678|108297|359
84678|108866|784
84678|107824|3236
84678|101799|858
84678|109269|440
84678|113110|129
85015|102073|950
85015|100599|7192
85015|114211|299
85015|103733|2392
85015|107067|312
85015|107055|280
85015|115060|2997
85353|114044|6312
85692|107777|294
85692|114107|299
85692|106169|1673
85692|106538|98
85692|115711|558
85692|109277|1332
85692|108481|897
85692|108392|158
85692|107599|189
86373|107267|1017
86373|101398|2198
86373|107344|237
86373|108598|717
86373|111665|144
86373|113772|5148
86373|109037|4728
86373|109327|299
86373|106446|1695
86715|114565|240
86715|107373|594
86715|108372|1100
87058|112485|636
87058|107226|3680
87058|104890|8750
87058|104842|957
87058|107201|379
87058|108698|23793
87402|108698|30591
87402|112821|396
87402|109173|7620
87402|104978|3528
87402|108354|1960
87402|106743|159
87402|114003|268
87402|111992|266
87402|115112|2160
87747|109695|1196
87747|105656|20394
87747|105472|29
87747|109443|18
87747|101518|159
87747|101710|29691
87747|103491|972
87747|101922|4632
88093|110122|13196
88093|114238|108
88093|103787|2023
88093|101669|1996
88093|112684|1104
88440|109466|280
88440|104036|594
88440|110143|540
88788|107806|17820
88788|106644|531
88788|104015|327
88788|104001|226
88788|113889|351
88788|111686|6291
88788|113256|19995
88788|113794|261
89137|111993|11192
89137|101165|13500
89137|100402|89
89137|106270|801
89487|108849|450
89838|115511|9798
89838|111379|1680
89838|109877|258
89838|114764|534
89838|103234|119
89838|114025|264
89838|115583|11595
89838|110733|996
89838|102799|5
90543|107314|469
90543|108295|2691
90543|101054|693
90543|109584|168
90543|105209|1782
91252|107114|4491
91252|111100|690
91252|114099|6799
91608|111296|19904
91965|104717|7980
92323|104602|2697
92323|101104|945
92323|108820|903
92323|109836|1690
92323|115712|1488
92323|102303|59
92323|110881|609
92682|103353|14301
92682|107849|6300
92682|110402|4599
93042|102303|236
93042|109726|2142
93042|105638|480
93042|114030|1112
93042|110875|1196
93042|100276|8330
93403|105419|6699
93403|106243|2796
93403|110939|7794
93403|101725|42392
93403|102893|1145
93765|104846|12640
93765|107294|1272
93765|109877|903
93765|106670|245
93765|114948|158
93765|104944|29
93765|109590|69
94128|110118|1580
94128|108335|26995
94128|102936|2421
94128|108987|3960
94128|103324|1299
94492|112889|240
94492|106479|540
94492|105153|1999
94492|106070|1794
94492|111598|17991
94857|107189|59400
94857|115619|5980
94857|104583|2396
94857|109787|1396
94857|112848|588
95590|100842|36891
95590|104499|632
95590|105192|1356
95590|106323|640
95958|106171|99
96327|115739|372
96697|107791|1188
96697|104212|17160
96697|109652|46
96697|111149|1504
96697|114201|440
96697|102310|248
96697|111278|58
96697|101428|12495
96697|113234|8140
97068|114144|2691
97068|113386|992
97440|109873|6990
97440|103786|13440
97440|115731|3798
97440|103701|35
97440|102586|13120
97440|101362|441
97440|110372|15528
97440|100106|80
97440|105771|612
97813|106843|140
97813|104775|280
97813|102889|2396
97813|109029|13794
97813|107960|1190
97813|110215|71991
97813|112338|9120
97813|111590|159
98187|110886|1791
98187|102059|744
98187|102647|2120
98562|105356|188
98562|107883|389
98562|100530|168
98938|115076|944
98938|105379|48
99315|101118|405
99315|114475|299
99315|102152|3592
99315|111868|12792
99315|102543|4193
99315|101059|27998
99693|107221|50
99693|104524|18800
99693|100711|338
99693|108867|351
99693|114768|18392
99693|102824|316
99693|100761|59992
100072|115336|973
100072|100521|238
100072|109431|89
100072|114946|960
100072|103673|840
100072|113155|2695
100452|113131|109
100452|110499|341
100452|109266|594
100452|107075|25193
100452|110835|10000
100833|109683|1008
100833|101687|3774
100833|112809|196
100833|101006|20
100833|101184|17996
100833|107878|138
100833|113679|1024
100833|112009|2795
100833|112935|12990
100834|105549|4950
100834|113151|7996
100834|109070|9540
100834|113487|1608
100836|101446|2396
100836|110867|35
100836|104039|1840
100839|102104|4100
100839|108115|1858
100839|101030|11120
100839|108270|6400
100839|101346|5490
100839|108574|2373
100843|105038|2100
100848|114105|136
100848|109328|1077
100848|103111|1068
100848|100806|96
100848|114556|290
100848|106373|2007
100848|104451|990
100848|109873|2097
100854|101345|24995
100854|104111|44786
100854|114600|178
100854|110684|20364
100854|115588|1899
100861|111353|1495
100861|103413|1566
100861|109423|2094
100861|100697|298
100861|108835|8900
100861|100496|7992
100861|113159|596
100861|115223|335
100869|115582|3206
100869|109993|2232
100869|105098|19782
100869|109249|28990
100869|101132|998
100869|105572|34
100869|103889|17
100888|114007|1904
100888|105625|16760
100888|114738|792
100899|115176|640
100899|105487|19992
100899|114714|714
100899|106357|1341
100899|105822|10430
100899|109295|360
100911|115796|7992
100911|111708|559
100911|114491|1374
100911|113147|1584
100924|102715|1180
100924|114248|4999
100924|100779|99
100924|112496|89
100924|114691|792
100924|113586|1495
100924|110727|19798
100924|111860|800
100924|110789|112
100953|115319|5680
100953|109847|414
100953|107202|3798
100953|106077|504
100953|107470|1600
100969|106759|128
100969|113379|79
100969|115781|238
100969|105424|232
100969|107819|957
100969|113442|208
100969|115479|18193
100969|113982|27996
100969|112189|594
100986|101594|4792
100986|103391|512
100986|103134|5495
100986|111752|396
100986|111608|2495
101004|102293|147
101004|105232|14310
101004|103447|2568
101004|111276|552
101004|101440|30
101023|111258|26990
101023|107854|1176
101023|107109|12590
101023|115272|1588
101043|110173|7191
101064|101228|39996
101064|111980|2352
101064|113956|25568
101064|110548|16920
101064|103051|1499
101064|113917|944
101064|111249|6993
101086|110461|7990
101133|106523|152
101133|100291|7600
101133|101074|6293
101133|105822|13410
101133|104598|200
101184|113774|1170
101211|111304|1380
101211|115177|158
101211|100760|111992
101211|100292|17280
101239|104340|38368
101268|111086|76491
101298|102543|599
101298|112651|233
101298|102915|359
101298|111092|545
101298|101318|8091
101329|101574|676
101329|106911|138
101329|101554|1398
101329|109885|912
101329|103908|567
101394|107063|135
101394|113614|1472
101394|102127|65
101394|105311|7120
101394|112943|1317
101428|101398|2198
101428|107237|47520
101428|114302|776
101428|108057|299
101428|113862|7999
101463|100571|198
101463|113986|414
101463|111145|670
101463|104965|188
101463|114166|763
101463|101196|495
101499|111430|117
101499|110580|3598
101499|112731|13440
101499|102442|41232
101499|114752|198
101499|107016|309
101499|102879|1992
101499|114324|1580
101536|108202|343
101536|111689|352
101536|109242|2799
101536|109973|7104
101536|103799|1596
101536|114714|1190
101574|110503|693
101574|100581|175
101574|103510|792
101574|105855|32796
101574|110853|2845
101574|114401|116
101574|108248|790
101574|106558|6993
101613|115399|12098
101613|105599|396
101613|102702|332
101613|103633|27
101613|102653|556
101613|108870|772
101613|107863|1504
101653|108781|11186
101653|105074|519
101694|110015|350
101694|108381|178
101736|103388|3700
101736|111011|594
101779|107918|256
101779|104708|5600
101823|112043|417
101823|103938|3460
101823|107826|648
101823|106829|262
101823|110741|1971
101868|104131|2738
101868|108124|6396
101914|107780|2397
101914|111397|745
101914|104714|300
101914|108467|245
101914|111870|17493
101914|111643|5
101914|110365|726
101961|107870|2040
101961|113965|252
101961|104443|128
101961|107273|6597
101961|115532|7750
101961|104944|116
101961|103335|59
101961|107491|54810
102009|108205|699
102009|112423|475
102009|111638|12297
102058|114545|2151
102058|102278|832
102058|114533|11996
102108|111217|20
102108|112694|79
102108|102098|45
102108|105435|3299
102108|106967|5292
102108|107213|7192
102108|102580|3280
102108|112162|499
102108|111917|299
102159|114992|792
102159|114115|1264
102211|112013|1494
102211|106775|19995
102211|106906|350
102211|108162|67
102211|112642|54
102264|109805|114
102264|110247|792
102264|105819|897
102264|107504|158
102264|101185|5750
102264|108794|2796
102264|100152|1494
102264|112316|25
102318|114613|48
102318|106829|164
102318|107962|474
102318|101114|35900
102318|111689|88
102318|111492|72
102318|114161|4893
102318|111802|7996
102318|110254|384
102373|104075|14350
102373|113590|32997
102373|102412|1598
102373|115893|30
102373|100180|33593
102429|108927|3816
102429|112964|22680
102429|109329|7191
102429|109500|342
102429|113035|2392
102429|102208|1014
102486|100890|72
102486|112604|34993
102486|101312|5216
102486|115799|22311
102486|105249|2190
102486|113720|3192
102486|101947|6304
102486|115187|5996
102486|115847|2520
102544|106574|1350
102544|109375|1299
102544|108560|6800
102544|108910|5383
102544|101148|21597
102544|101253|9594
102544|105157|1752
102603|107855|398
102603|110086|1032
102603|102148|495
102603|108596|390
102603|106941|1196
102603|110899|460
102724|101031|179
102724|103620|693
102724|106568|790
102724|101242|4193
102724|105883|139
102724|106937|1476
102724|106645|13194
102724|113602|3599
102786|104683|25
102786|104573|84
102786|109721|1400
102849|104910|99
102849|110326|5593
102913|103084|2798
102913|103366|784
102913|106964|6450
102913|103957|1287
102913|112930|4940
102913|114850|1106
102978|105528|14990
102978|105576|1386
102978|114105|952
102978|109135|55
102978|109147|4904
102978|101037|19990
103044|113248|2276
103044|111222|1450
103044|115609|3321
103044|103685|1488
103111|109893|149
103111|107701|2331
103111|102699|13
103111|101989|599
103179|103146|38900
103179|103234|139
103179|111065|3597
103179|111186|54
103179|100898|4188
103179|106018|294
103179|110808|8820
103179|112208|172
103248|103844|228
103248|105096|8928
103248|106096|800
103248|105914|125
103248|105245|10791
103318|106707|1552
103318|112172|32
103318|103672|708
103318|107420|80
103318|107636|5360
103389|110255|1434
103389|112486|1949
103389|105467|112
103389|111935|272
103389|112806|1490
103389|107634|9000
103389|108702|20293
103461|110308|7000
103461|113355|16792
103461|112052|10014
103461|102009|2394
103534|112825|168
103534|115480|1250
103534|106895|99
103534|110850|2500
103534|113459|10998
103534|114358|2760
103608|103021|10416
103608|106034|19791
103683|102536|4600
103683|106249|180
103683|107424|7191
103683|105921|6993
103683|107774|14391
103683|104343|159
103683|103983|14
103683|105332|35
103683|114448|995
103836|103584|3861
103836|108732|2
103836|106555|4464
103836|108759|20480
103836|109691|118
103836|111291|224
103836|106296|495
103914|104744|395
103993|111620|882
103993|108896|2
103993|104990|1996
103993|105918|18
103993|109250|238
104073|114807|894
104073|107103|27995
104154|113172|23
104154|101655|7499
104154|103409|6500
104154|100923|10493
104154|102473|1912
104154|106999|796
104154|100290|13900
104154|113321|248
104236|114829|1253
104236|112205|118
104236|102276|1308
104236|106246|2093
104319|113525|1791
104319|111578|529
104403|105103|78
104403|106222|1974
104403|113276|2798
104403|104750|798
104403|103453|912
104488|111512|64
104488|115284|832
104488|106520|36792
104488|106705|6440
104488|112567|60
104574|107655|3992
104574|106459|23992
104574|113103|32
104574|106866|2682
104574|113546|2396
104574|112151|1197
104574|112262|20
104574|103859|1156
104661|111261|1071
104661|105092|120
104749|103541|864
104838|101683|4999
104838|113959|55104
104928|100365|12593
104928|104470|828
105019|113807|596
105019|108080|72
105111|106802|23904
105111|110792|342
105111|101623|9441
105111|113470|2199
105111|105879|161
105111|104186|7392
105111|105070|10416
105204|109181|23992
105204|106265|585
105204|109800|1377
105204|101713|74990
105204|103122|1112
105204|102147|319
105298|102910|358
105393|109321|4995
105393|113011|1393
105393|102586|3280
105393|110515|285
105393|109086|22794
105489|102804|218
105489|115822|3790
105489|103835|973
105489|103337|2340
105489|108930|298
105489|114935|3352
105586|102055|148
105586|110306|4576
105586|113054|2195
105586|114076|118
105586|113503|65592
105684|102701|19990
105684|102328|3504
105684|102327|2490
105684|111629|258
105684|105441|440
105684|109346|8097
105684|104363|2848
105684|102093|784
105783|105204|672
105783|109485|188
105783|107960|1071
105783|114460|384
105783|106318|25182
105783|115239|1036
105783|105185|447
105783|107653|4794
105984|108283|10144
105984|111648|13
105984|109003|3540
105984|103404|105
105984|111476|1554
105984|107680|285
106086|109814|79
106086|114476|98
106086|111093|13993
106086|107598|1860
106086|113816|127791
106086|100112|43
106293|102546|190680
106293|111767|99
106293|104210|459
106293|111510|4500
106293|100488|10493
106293|106521|413
106293|107044|845
106398|107238|1344
106398|111559|716
106398|110242|903
106398|100970|264
106398|104990|4491
106504|103025|30
106504|106056|72
106504|108492|126
106611|114752|297
106719|110075|1504
106719|110654|6396
106719|114643|11596
106719|103127|17920
106719|108353|1120
106719|101365|798
106828|113682|357
106828|105605|119
106828|106596|45592
106828|115430|1032
106828|109529|78316
106828|113953|21998
106828|114790|598
106938|106152|3500
106938|105762|17991
106938|105095|2680
106938|113373|1192
107049|115564|2398
107049|103040|1445
107049|113529|414
107049|111251|1602
107161|105613|4893
107274|105520|1074
107388|106797|7399
107388|107538|165
107503|110842|1253
107503|101622|6294
107503|110292|981
107503|112459|5592
107503|114028|400
107619|105204|1176
107619|112603|478
107619|110859|63000
107619|100698|826
107619|105808|238
107619|110884|3576
107854|107431|10980
107973|108190|128
107973|104172|12952
107973|110248|89
107973|107559|1380
107973|109413|1140
107973|104758|1183
107973|102181|3380
108093|110627|105
108093|114235|192
108093|101095|8991
108093|102571|966
108093|107559|1242
108093|113311|12864
108214|115590|38500
108214|104332|5500
108214|105966|944
108214|115241|3272
108214|103726|13440
108336|115414|225
108336|108325|1242
108336|103454|138
108459|111045|10360
108459|113822|654
108459|103387|11400
108459|104239|4792
108583|110356|1818
108583|115064|693
108583|105567|11112
108583|109532|6291
108583|112008|294
108583|103173|1245
108583|103987|5000
108583|105661|1676
108708|103126|834
108834|111529|58
108834|101496|59
108834|108075|5652
108834|108696|1032
108834|100968|28
108961|112449|777
108961|112341|2697
108961|114491|916
108961|102164|20
108961|100724|33596
109089|100502|918
109089|100881|2899
109089|115599|1512
109089|108849|135
109218|110036|2233
109348|107510|756
109348|113971|472
109348|105950|20690
109348|104543|3990
109348|110730|146
109348|113452|4440
109479|101281|3998
109479|114300|388
109479|107306|89
109479|104910|50
109479|114137|53200
109479|106146|1755
109611|101427|1798
109611|107878|414
109611|108733|40
109744|112414|570
109744|114352|200
109878|110385|18891
109878|104154|2016
109878|110545|1953
109878|101397|276
110013|115324|99
110149|110424|159
110149|105486|86
110149|113909|1152
110149|109277|2664
110149|106561|807
110149|115483|12
110149|107016|1545
110286|102018|178
110286|112814|203
110286|112981|1242
110424|109922|552
110703|110199|3710
110703|115841|2384
110703|102997|2152
110703|110620|954
110703|104399|1806
110703|101432|14350
110703|115213|644
110703|111266|33291
110703|105096|3348
110844|114020|1998
110844|109311|6160
110844|113978|128
110844|108648|499
110844|114135|690
110986|110857|29
110986|113256|31992
110986|102419|1980
110986|102791|7000
110986|109521|2000
110986|105910|2499
110986|109292|588
110986|107414|516
110986|102059|1240
111129|106102|3120
111129|111563|20
111129|106719|189
111129|113227|39192
111129|106436|3493
111129|111228|168
111129|108774|440
111129|113019|316
111273|115190|894
111273|103130|1728
111273|100783|792
111273|107345|237
111273|101227|17097
111564|110760|1876
111564|112967|2756
111564|103457|2144
111564|102671|2124
111564|115649|218
111564|113632|2466
111564|106107|10
111711|102238|2224
111711|111052|1393
111711|103296|588
111711|104120|6594
111711|104441|995
111711|105932|4875
111711|100729|9998
111859|102106|1701
111859|111973|28701
111859|111977|2099
111859|114329|115
111859|109081|7998
111859|108687|472
111859|114520|534
112008|114480|12000
112008|113479|11060
112008|104507|399
112008|104645|480
112008|100540|7976
112008|101759|45480
112008|112577|5196
112158|114128|600
112158|111606|1197
112158|113148|4340
112158|111534|1393
112158|111734|693
112158|115810|760
112309|103506|5400
112309|112771|695
112309|113096|3192
112309|103648|2450
112309|115371|2412
112309|115350|16800
112309|102638|11200
112309|111250|2304
112461|104429|1971
112461|101993|207
112461|109569|499
112461|102962|75
112461|104163|9995
112461|102480|13345
112614|114382|30
112768|106193|654
112768|106534|78
112768|109278|297
112768|107297|31497
112768|115617|2658
112768|111307|1058
112923|107378|37782
112923|110159|2598
113079|110633|179
113079|107531|159
113079|102642|199
113079|103627|272
113236|110934|2750
113236|110337|312
113236|111396|1152
113236|108466|266
113236|101336|276
113236|110849|416
113236|107818|1445
113236|114811|594
113394|108313|2994
113394|113626|912
113394|107832|358
113394|107255|32394
113394|101057|2997
113394|109463|40140
113394|102703|24
113394|105371|18960
113553|106639|18116
113553|105245|10791
113553|110356|4545
113713|108685|940
113713|113596|1999
113713|107681|1490
113713|110743|273
113874|115236|474
113874|108051|11994
113874|106710|6400
113874|110546|2072
113874|107406|2072
113874|109163|1596
113874|101945|1584
113874|105280|209
113874|115443|149
114036|107976|10600
114036|104244|287
114199|105711|3192
114363|111720|2608
114363|100433|8394
114363|111081|2233
114363|107944|3272
114528|104123|139
114528|111609|3992
114694|105067|38962
114694|108840|299
114694|114346|1053
114694|109793|1840
114694|115004|9594
114694|114042|756
114694|113328|2384
114861|100487|37
114861|107012|9995
115029|109905|72
115029|115634|4920
115029|102597|236
115029|115734|8699
115368|110737|132
115368|111448|6280
115368|111112|207
115368|104805|23995
115539|105926|138
115539|109967|8320
115539|107808|657
115539|103712|2064
115539|101451|55794
115539|114824|1560
115539|105940|396
115539|110422|4302
115884|105517|784
115884|108578|4074
115884|115382|594
115884|109510|188
115884|108492|189
115884|100176|30880
115884|115380|198
115884|102979|378
116058|101803|3995
116058|115789|72
116058|115623|795
116058|104544|69
116058|100860|1995
116058|114667|414
116058|107833|1782
116233|110448|3992
116233|114623|88
116233|103235|198
116233|105712|792
116409|103069|464
116409|115870|42392
116409|105524|1014
116409|103497|100
116409|109683|504
116409|104229|198
116409|115300|4599
116586|105703|360
116586|111116|86
116586|112713|826
116586|108463|152
116586|111885|1556
116586|103369|2412
116586|100272|4893
116943|113392|1176
116943|109405|27996
116943|108478|650
116943|109672|1008
117123|102992|399
117123|106456|528
117123|110782|203
117123|105865|324
117123|109101|260
117123|103860|329
117304|104575|22000
117304|109322|8704
117486|110662|3299
117486|103913|48
117486|104410|158
117486|101551|35998
117486|115637|99
117486|107396|1152
117669|109318|2480
117669|109920|537
117669|112051|11994
117669|106803|56
117669|113331|10493
117669|107778|4699
117853|111581|10796
117853|112210|258
117853|107820|29
118038|109103|3745
118038|107169|1032
118038|106501|2135
118038|112885|1058
118038|106485|58
118038|103932|864
118038|103650|150
118224|108913|1995
118224|110209|1666
118224|100990|47992
118224|105344|458
118224|111911|2232
118224|114130|7992
118224|112086|5727
118411|100164|188
118411|115640|4144
118411|100964|24291
118411|109032|289
118411|104108|7920
118599|105973|129
118599|115820|10
118599|114143|72990
118599|106898|2862
118599|103337|2340
118599|102011|676
118599|102407|2772
118788|108679|196
118788|111817|29990
118788|104032|7686
118788|114425|9995
118788|110138|150
118788|113653|276
118788|110916|162
118978|111340|2250
118978|114780|372
118978|115026|7014
118978|112059|1062
118978|115262|2240
118978|112456|833
118978|110330|327
118978|106829|164
118978|111137|1188
119169|113192|396
119169|105607|1499
119169|115668|2152
119169|100565|192
119169|112203|3141
119169|105057|5580
119361|111802|1999
119361|115713|58
119361|106032|21597
119361|106519|790
119361|107569|708
119361|112737|32495
119361|102883|2995
119361|105639|78
119554|111780|65328
119554|113192|891
119554|110299|196
119554|108641|2796
119748|114478|158
119748|100657|160
119748|108199|150
119748|105475|157
119748|105798|798
119748|107310|2299
119749|102933|2198
119749|107948|6496
119749|103598|1899
119749|112849|312
119751|104185|6796
119751|101219|1790
119751|108347|2694
119751|106528|16999
119751|109433|9620
119751|101376|11970
119751|103194|1107
119754|112898|158270
119754|103264|1104
119754|106691|52800
119754|100323|1014
119754|105934|556
119754|106289|11196
119758|100245|2872
119758|106912|1673
119758|113290|3199
119758|112544|4995
119758|110973|952
119758|109871|5799
119758|105939|1340
119758|113467|300
119758|102459|138
119763|102980|11942
119769|112910|39
119769|104632|5064
119769|103174|29994
119769|103779|998
119769|103554|26
119769|107669|632
119769|107829|518
119784|110188|16191
119784|101959|2528
119784|100425|1197
119784|115164|474
119793|108934|636
119793|100772|20
119793|104489|1290
119814|111894|9998
119814|114796|1014
119814|115767|8995
119814|111905|4704
119814|105414|1788
119814|103499|40
119814|110774|84
119826|103534|13996
119826|101129|2699
119826|105971|2752
119826|100467|5096
119826|108087|7380
119826|103956|54
119826|106149|448
119839|109617|3353
119839|103611|2400
119839|114117|432
119839|109609|684
119839|111916|158
119839|102589|4794
119839|104435|224
119839|114688|6360
119839|112565|118
119853|107655|4491
119853|112950|1898
119853|110768|28396
119853|112401|371
119853|107765|5160
119853|115756|3465
119853|111567|468
119853|108921|5391
119853|106268|676
119868|115564|899
119868|100716|2950
119868|115179|84
119868|108078|2399
119868|106377|2394
119884|105328|1436
119884|103773|7
119884|114337|1699
119884|110719|218
119884|109247|2786
119884|106101|7200
119919|114555|2392
119938|115690|5382
119938|110985|1520
119938|107780|6392
119958|100787|784
119979|107773|1995
119979|107733|16800
119979|111933|2754
120001|115832|790
120024|108574|339
120024|102912|356
120024|113345|1791
120024|111277|289
120024|108136|1056
120024|109988|17091
120024|109892|32224
120024|106790|9990
120048|108239|52995
120073|110249|224
120073|112533|1196
120073|100753|34995
120073|114104|512
120073|104684|4840
120099|110395|1107
120099|106732|1264
120126|103688|777
120126|101614|1599
120154|106328|474
120154|104279|512
120154|107023|1998
120154|108122|128
120154|113094|95
120154|103453|1140
120154|102358|38
120183|108707|147
120183|114008|19998
120183|110918|230
120183|101210|2064
120183|106091|4950
120183|104781|3493
120183|112951|880
120183|109748|6198
120183|101353|990
120213|109199|5998
120213|110504|27000
120213|102393|36
120213|111975|18891
120213|104271|238
120213|104134|47988
120213|114216|47593
120213|103859|2023
120213|114185|668
120244|104823|229
120244|108632|2799
120244|110896|32994
120309|113459|16497
120343|106131|10350
120343|113326|26
120343|105958|128
120343|101180|14798
120343|101729|2061
120378|104976|2691
120378|107854|11760
120378|112348|1590
120378|115880|1479
120378|112174|295
120378|114472|18396
120378|111086|33996
120378|109021|273
120378|108366|800
120451|100978|13140
120489|112829|894
120489|109212|385
120489|103757|19
120528|105916|179
120528|105037|5700
120568|105584|840
120568|104082|40586
120568|111732|792
120568|113192|396
120651|112540|1494
120651|101232|6396
120651|108842|12591
120651|104851|1317
120651|105390|1876
120651|112822|1432
120694|105628|19990
120738|108361|800
120738|101920|796
120738|100477|2961
120738|109033|4753
120738|108260|9990
120738|115278|1113
120738|105756|9793
120738|110327|5588
120738|107383|16093
120783|104926|6350
120783|109998|69
120783|110271|40
120783|102749|68202
120783|106582|900
120876|109410|5803
120876|109209|1200
120876|113010|376
120924|110377|297
120924|110317|483
120924|109993|2511
120973|113534|399
120973|100256|234
120973|114258|168
120973|106717|5040
120973|114700|50
120973|101236|150
120973|111851|9
120973|113649|336
120973|115512|20
121023|107542|3596
121023|110308|9000
121126|104545|11900
121126|112876|840
121126|112600|680
121126|106424|1196
121126|105776|95
121126|111459|8997
121126|103649|59
121126|114653|408
121179|104451|297
121179|104259|6392
121179|105289|14900
121179|115772|894
121179|110736|2421
121179|102058|1480
121179|105954|429
121233|113301|20097
121288|106150|2495
121288|112767|224
121288|104902|21440
121288|106615|3564
121344|111455|1980
121401|115720|432
121401|103069|522
121401|110058|2997
121401|107072|13160
121459|101974|12995
121459|104636|11816
121459|109303|339
121459|104618|129
121459|109581|15600
121459|102422|7200
121459|102107|119
121459|110921|916
121459|112341|1798
121518|100754|76993
121518|100455|996
121518|113637|15594
121518|107719|5400
121518|103639|5590
121518|104372|1602
121518|106696|22386
121518|114269|12530
121518|101887|8796
121639|102699|7
121639|100566|60893
121639|100273|41293
121639|102100|6796
121639|108364|1320
121639|109096|16990
121639|100261|1299
121828|101219|537
121893|106557|2360
121959|102525|259
121959|113633|50292
121959|100757|21998
121959|111052|597
121959|113322|2232
121959|105600|21440
121959|112768|5299
121959|111714|32193
121959|100450|8598
122026|112072|2900
122026|106736|476
122026|112348|477
122094|115628|69592
122163|112290|7192
122163|104881|864
122163|113993|756
122163|110833|2499
122163|102029|60
122163|108515|1704
122163|109093|13194
122233|101539|1524
122233|105145|158
122304|108379|6993
122304|107849|2100
122304|112926|100
122304|113752|3999
122304|112152|864
122304|114406|27993
122304|115322|567
122304|109536|6360
122304|108570|21196
122376|104228|7196
122376|105787|1188
122376|113112|1899
122376|114696|1999
122376|111349|1014
122376|115634|9840
122376|112063|696
122449|107704|20664
122449|115663|178
122449|111094|450
122449|100350|879
122449|115389|2697
122449|105230|948
122449|106044|8299
122449|108832|12640
122449|112397|192
122523|104749|1104
122523|100438|7192
122523|105335|7360
122523|104667|2640
122523|102051|128
122523|107403|13520
122523|106441|330
122523|108033|13999
122674|106139|44
122674|106794|15992
122829|111749|1728
122829|103057|1128
122829|108376|2950
122829|101293|1183
122829|107504|474
122829|105849|1545
122829|105129|3493
122829|100180|38392
122988|113484|4790
122988|114637|712
122988|111571|2560
122988|107820|232
122988|101657|28995
122988|111869|1999
123069|115374|268
123069|108182|11598
123151|103152|9716
123151|104724|210
123151|101270|12598
123151|103932|288
123151|113235|279
123151|102891|1752
123151|101181|70693
123151|100555|1996
123151|106247|8991
123234|101150|499
123234|115494|273
123234|110501|198
123234|110262|10396
123234|104261|11495
123234|103525|14997
123234|105640|512
123234|101009|25998
123234|106896|119
123318|100189|65
123318|112353|224
123318|113848|2
123318|105957|761
123318|113207|595
123318|114521|1386
123318|109037|5516
123318|107512|5593
123403|108166|120
123403|109216|3591
123403|112810|238
123403|101864|4472
123403|100152|3984
123403|111194|1106
123403|103792|7192
123489|107210|1998
123489|114313|95200
123576|100611|29995
123576|110864|1980
123576|114908|384
123576|108848|545
123664|109341|8640
123664|107843|14988
123664|112259|995
123664|109408|4491
123664|105902|48993
123664|111833|11760
123664|106225|39594
123664|105973|903
123753|108894|399
123753|103704|13504
123753|101036|99
123753|111751|1183
123753|101981|1550
123753|101414|13598
123753|112399|2380
123843|109676|104
123843|100212|119
123843|113954|4893
123843|109755|23994
123843|109778|10240
123843|115387|47
123843|101653|23994
123843|108180|11995
123934|101367|11994
123934|102035|1164
123934|105364|39
123934|104838|6299
123934|101974|7797
124026|112315|183840
124026|105399|1190
124026|115485|6293
124026|105886|129
124026|101893|1592
124026|101289|83993
124026|107800|792
124026|110615|1349
124026|110960|259
124119|115900|1990
124119|105655|30980
124119|106092|6320
124119|113931|18798
124119|101019|4188
124119|103818|2086
124119|103775|544
124213|110338|10588
124213|108195|6300
124213|100242|1316
124213|102370|3996
124213|103666|4256
124213|110101|43992
124213|109947|8500
124308|114298|1016
124308|108730|924
124308|104999|1188
124308|114241|2352
124308|108653|175
124404|109188|199
124404|113093|1602
124404|109381|10399
124404|108004|14995
124404|107784|25800
124404|104418|13503
124404|109332|17352
124404|110470|29994
124501|110635|27192
124501|104419|8560
124501|115228|936
124501|106875|1422
124501|104157|4995
124501|105833|4482
124501|111795|9990
124501|112840|14598
124599|100777|798
124599|114991|11520
124599|106607|1998
124599|100526|288
124599|108713|79
124698|104756|1090
124698|106315|336
124798|106237|6993
124798|107135|10416
124798|105394|2745
124798|111625|136
124899|103019|304
124899|108560|6800
124899|103761|995
124899|114487|99
124899|110893|38
124899|100841|35091
124899|109242|19593
124899|105030|48582
125001|115673|3897
125001|106210|68
125001|104031|1098
125001|110184|8998
125001|106549|9000
125001|114662|534
125001|115406|80
125104|100304|8980
125104|100670|1971
125208|109064|1794
125208|114074|2380
125313|109158|1090
125419|112802|204
125419|108861|290
125526|115086|1700
125526|114556|290
125526|115837|1520
125526|107096|98
125526|113509|700
125634|103315|2550
125634|107034|2995
125634|112807|169
125634|101923|4053
125634|102877|60000
125634|100508|152
125634|113788|6940
125634|104146|20397
125634|105421|5
125743|101096|7995
125743|108089|99
125743|109734|996
125743|112223|55
125743|114457|954
125743|102355|1669
125743|112659|12
125853|110992|1467
125853|111306|3596
125853|114852|354
125853|111936|136
125853|106986|1499
125853|110005|3285
125853|106853|2307
125853|114343|1246
125964|102018|712
125964|114973|3000
125964|108366|1800
125964|114277|690
125964|110063|3192
125964|107168|1895
125964|114515|1398
125964|109034|414
126076|101841|11904
126076|100747|912
126303|112120|525
126303|107854|5880
126303|104749|828
126303|103436|395
126303|101052|225
126303|103851|798
126303|101800|8994
126303|107086|1495
126303|102589|4794
126418|102523|11996
126418|106594|129
126418|105168|2752
126418|102037|1400
126418|102928|532
126418|112681|490
126418|105624|2640
126418|106646|58
126534|105450|2694
126534|107709|6921
126534|103200|1183
126534|101793|539
126534|110795|1599
126534|110796|309
126651|113514|1264
126651|112892|358
126651|105067|38962
126651|104663|8997
126651|109892|24168
126651|113075|268
126769|102402|1183
126769|101741|1296
126769|115217|778
126769|102844|1008
126769|102069|1590
126888|106788|981
126888|106448|11192
126888|107227|500
126888|105726|398
126888|105478|30
127008|100265|712
127008|105175|272
127129|109608|684
127129|107185|796
127129|112855|9592
127129|113750|71
127129|108274|600
127129|111187|648
127251|108788|18297
127251|110443|36393
127251|110994|2086
127251|102748|20000
127251|115043|8664
127251|107774|1599
127251|112964|10080
127374|113699|882
127374|112094|1917
127498|102363|41280
127498|108974|392
127498|115131|4497
127498|113986|276
127498|104409|882
127498|101561|1024
127498|111968|594
127498|100569|2495
127498|111563|100
127623|115052|200
127623|101505|24493
127623|105396|4845
127623|106371|948
127623|101227|28495
127623|115643|4302
127623|100239|31192
127623|102380|2392
127749|115370|1995
127749|113495|504
127749|105423|58
127749|113425|474
127749|113441|1883
127749|101170|24495
127876|111135|500
128004|103611|6400
128004|100718|40400
128004|114625|5490
128004|100471|2150
128004|108203|70
128133|111820|75
128133|114644|236
128133|113763|69993
128133|102002|3998
128133|114561|138
128133|114938|1521
128263|115586|998
128263|103491|432
128394|100251|27
128394|100593|798
128394|103475|890
128394|107193|140
128394|103236|42594
128394|114127|597
128394|109162|199
128526|109562|4232
128526|114175|14998
128526|106130|3120
128526|114709|32995
128526|106018|294
128526|106588|196
128526|105505|299
128526|101011|15996
128526|104034|810
128659|107315|456
128659|113088|995
128659|110737|594
128659|103740|47192
128659|107908|2514
128793|112061|1999
128793|101555|5592
128793|115207|967
128793|107969|693
128793|109655|552
129064|111626|1036
129064|108415|116
129064|105551|32995
129064|114773|654
129064|112239|837
129064|109544|17091
129064|105058|300
129201|107029|1488
129201|101928|1272
129339|104322|621
129478|108639|474
129478|101494|35992
129478|104409|882
129478|102972|1794
129478|115329|1242
129618|113354|13794
129618|111876|336
129618|112321|6
129759|100597|1876
129759|107612|414
129759|100699|354
129759|107103|50391
129759|114181|11997
129759|105652|288
129901|106654|1490
129901|115687|114
129901|107331|339
129901|106005|9400
129901|110849|1040
129901|105893|258
129901|104736|1920
129901|100657|160
130044|101411|36897
130044|104368|406
130044|107285|2052
130044|115185|777
130044|108660|12110
130188|113373|2086
130188|112766|128
130188|106650|5593
130188|107415|676
130333|110230|21600
130333|104408|796
130333|101125|3070
130333|104687|798
130333|100759|2994
130333|105334|5596
130333|113754|476
130479|107163|1060
130479|108433|99
130479|112917|6293
130479|104960|3897
130479|108570|15897
130479|111260|795
130479|112272|32193
130479|111953|43200
130479|102445|300
130626|109522|369
130626|101650|18
130626|105965|19
130626|100458|536
130626|108609|944
130626|113140|1495
130626|110650|12598
130626|112446|1004
130626|107444|2397
130923|105656|40788
130923|112998|689
130923|103605|24400
130923|110707|22995
130923|110899|230
131073|102992|3591
131073|107139|3398
131073|107033|408
131224|108535|125991
131224|107978|20394
131224|102141|90
131224|100201|16794
131224|111570|33900
131224|109370|945
131224|109144|1584
131224|109620|267
131224|105510|2384
131376|104159|2928
131376|102407|2772
131529|104236|1497
131683|114441|139
131683|100154|632
131683|103336|3510
131683|112946|360
131683|109155|945
131683|105196|34
131683|105703|360
131838|103472|13
131838|114867|472
131838|115038|256
131838|105453|8792
131838|101520|2568
131838|112343|150
131838|104541|56
131838|108850|33414
131838|108636|1008
131994|101073|35996
131994|103583|4290
131994|115891|632
131994|101030|25020
131994|111010|5960
131994|111792|138
131994|103411|1917
131994|109065|6606
131994|108733|70
132151|115012|654
132151|107373|1980
132151|109228|229
132151|112881|1050
132151|101902|45
132151|104346|2748
132309|114341|468
132309|102026|6192
132309|111206|82300
132309|103889|3
132468|101110|34396
132628|110268|1183
132628|104923|7000
132789|114744|207
132789|113547|19900
132789|110869|1000
132789|107496|567
132789|107029|992
132789|104851|878
132789|106633|288
132789|103033|1728
132951|115767|17990
132951|111031|1598
132951|105361|1236
132951|111214|1192
132951|107433|90
132951|106240|12141